
benchmark                 iters     total_ms      ops/sec        ns/op     p50_us     p95_us     p99_us
---------------------- -------- ------------ ------------ ------------ ---------- ---------- ----------
insert_10k                10000        1.688      5924757          169       0.17       0.17       0.17
insert_50k                50000        8.261      6052780          165       0.17       0.17       0.17
prefix_narrow               400        0.063      6394066          156       0.14       0.16       0.17
prefix_medium               200        0.209       956952         1045       1.02       1.04       1.80
prefix_wide                 100        0.106       942516         1061       1.02       1.11       2.46
scored_narrow                80        0.131       611252         1636       1.20       1.65      15.40
scored_medium                20       27.026          740      1351307    1151.77    2207.39    2207.39
scored_wide                   8       40.146          199      5018198    5130.56    6153.86    6153.86
fuzzy_exactish               40      224.855          178      5621376    5602.59    7526.04    7621.19
fuzzy_acronym                20      303.743           66     15187145   15318.83   16407.07   16407.07
fuzzy_typo                   20      405.732           49     20286584   20092.36   21941.08   21941.08
fuzzy_nomatch                20       78.385          255      3919253    3525.58    7490.90    7490.90
search_hit                 2000        0.147     13595084           74       0.06       0.14       0.25
search_miss                2000        0.030     67633830           15       0.01       0.01       0.02

csv
benchmark,iters,total_ms,ops_per_sec,ns_per_op,p50_us,p95_us,p99_us,min_us,max_us
insert_10k,10000,1.6878,5924756.77,168.78,0.1688,0.1688,0.1688,0.1688,0.1688
insert_50k,50000,8.2607,6052780.00,165.21,0.1652,0.1652,0.1652,0.1652,0.1652
prefix_narrow,400,0.0626,6394066.31,156.40,0.1430,0.1620,0.1720,0.1380,3.2700
prefix_medium,200,0.2090,956951.54,1044.98,1.0200,1.0360,1.7970,1.0140,4.0170
prefix_wide,100,0.1061,942515.95,1060.99,1.0180,1.1070,2.4650,1.0050,2.4650
scored_narrow,80,0.1309,611251.61,1635.99,1.2030,1.6460,15.4020,1.1480,15.4020
scored_medium,20,27.0261,740.02,1351307.25,1151.7650,2207.3920,2207.3920,1005.3620,2207.3920
scored_wide,8,40.1456,199.27,5018198.12,5130.5630,6153.8570,6153.8570,4325.8840,6153.8570
fuzzy_exactish,40,224.8551,177.89,5621376.42,5602.5880,7526.0390,7621.1900,4230.5370,7621.1900
fuzzy_acronym,20,303.7429,65.85,15187145.05,15318.8270,16407.0680,16407.0680,12986.2440,16407.0680
fuzzy_typo,20,405.7317,49.29,20286584.15,20092.3610,21941.0760,21941.0760,18589.5020,21941.0760
fuzzy_nomatch,20,78.3851,255.15,3919252.95,3525.5820,7490.8960,7490.8960,2794.8870,7490.8960
search_hit,2000,0.1471,13595084.02,73.56,0.0640,0.1450,0.2510,0.0390,1.1810
search_miss,2000,0.0296,67633830.44,14.79,0.0150,0.0150,0.0160,0.0130,0.1160
