
benchmark                 iters     total_ms      ops/sec        ns/op     p50_us     p95_us     p99_us
---------------------- -------- ------------ ------------ ------------ ---------- ---------- ----------
insert_10k                10000        2.484      4025258          248       0.25       0.25       0.25
insert_50k                50000       10.289      4859414          206       0.21       0.21       0.21
prefix_narrow               400        0.085      4697592          213       0.19       0.23       0.40
prefix_medium               200        0.254       786940         1271       1.25       1.33       2.41
prefix_wide                 100        0.120       830454         1204       1.17       1.25       3.15
scored_narrow                80        2.342        34154        29279      25.57      39.10      71.60
scored_medium                20      567.960           35     28398015   28413.13   29566.85   29566.85
scored_wide                   8      926.434            9    115804239  116310.60  116943.57  116943.57
fuzzy_exactish               40      998.870           40     24971739   25021.12   26167.42   26176.63
fuzzy_acronym                20      317.217           63     15860849   16032.62   17447.42   17447.42
fuzzy_typo                   20      358.574           56     17928691   18306.48   19800.43   19800.43
fuzzy_nomatch                20      376.075           53     18803734   18884.10   20424.06   20424.06
search_hit                 2000        0.229      8728974          115       0.08       0.17       0.28
search_miss                2000        0.037     54033609           19       0.02       0.02       0.02

csv
benchmark,iters,total_ms,ops_per_sec,ns_per_op,p50_us,p95_us,p99_us,min_us,max_us
insert_10k,10000,2.4843,4025257.69,248.43,0.2484,0.2484,0.2484,0.2484,0.2484
insert_50k,50000,10.2893,4859414.23,205.79,0.2058,0.2058,0.2058,0.2058,0.2058
prefix_narrow,400,0.0852,4697592.48,212.88,0.1890,0.2270,0.3980,0.1860,4.4430
prefix_medium,200,0.2541,786939.94,1270.74,1.2480,1.3270,2.4090,1.1130,5.7990
prefix_wide,100,0.1204,830454.42,1204.16,1.1710,1.2520,3.1500,1.1300,3.1500
scored_narrow,80,2.3423,34153.92,29279.21,25.5710,39.0960,71.5980,25.2800,71.5980
scored_medium,20,567.9603,35.21,28398015.05,28413.1300,29566.8550,29566.8550,27535.8740,29566.8550
scored_wide,8,926.4339,8.64,115804239.25,116310.6000,116943.5680,116943.5680,114133.3990,116943.5680
fuzzy_exactish,40,998.8696,40.05,24971739.12,25021.1230,26167.4150,26176.6350,23440.9150,26176.6350
fuzzy_acronym,20,317.2170,63.05,15860848.95,16032.6230,17447.4170,17447.4170,13597.1300,17447.4170
fuzzy_typo,20,358.5738,55.78,17928691.20,18306.4780,19800.4340,19800.4340,14961.3850,19800.4340
fuzzy_nomatch,20,376.0747,53.18,18803734.15,18884.1050,20424.0600,20424.0600,17388.1070,20424.0600
search_hit,2000,0.2291,8728974.08,114.56,0.0800,0.1720,0.2810,0.0490,28.3990
search_miss,2000,0.0370,54033608.90,18.51,0.0180,0.0190,0.0200,0.0170,0.0880
